159936375	-21.61	-23.03882352941177
159939106	-22.56	-23.050000000000004
159941838	-22.35	-22.97833333333334
159944570	-24.14	-22.988648648648653
159947302	-22.74	-23.026578947368424
159950034	-22.98	-22.99666666666667
159952766	-24.12	-22.984250000000003
159955498	-24.67	-22.970731707317075
159958229	-24.36	-22.93166666666667
159960961	-23.1	-22.93139534883721
159963693	-23.42	-22.908409090909092
159966425	-23.82	-22.895555555555553
159969157	-23.95	-22.86565217391304
159971889	-24.95	-22.88
159974621	-23.38	-22.879374999999996
159977352	-24.31	-22.828367346938773
159980084	-23.19	-22.823999999999998
159982816	-22.81	-22.81509803921568
159985548	-20.59	-22.76749999999999
159988280	-22.25	-22.765094339622635
159991012	-23.64	-22.71222222222222
159993744	-23.37	-22.68854545454545
159996475	-21.83	-22.68017857142857
159999207	-22.87	-22.66263157894737
160001939	-21.83	-22.618275862068963
160004671	-21.9	-22.574406779661015
160007403	-22.42	-22.5425
160010135	-22.61	-22.51901639344262
160012867	-22.44	-22.47806451612903
160015598	-23.01	-22.4415873015873
160018330	-22.85	-22.415
160021062	-23.45	-22.39323076923077
160023794	-22.72	-22.36348484848485
160026526	-23.08	-22.32910447761194
160029258	-23.43	-22.32417910447761
160031990	-20.47	-22.30805970149254
160034721	-23.36	-22.288507462686567
160037453	-24.43	-22.215671641791044
160040185	-21.86	-22.186417910447762
160042917	-22.5	-22.14910447761194
160045649	-22.43	-22.103880597014925
160048381	-21.33	-22.038059701492536
160051113	-22.92	-21.96910447761194
160053844	-21.92	-21.92970149253731
160056576	-22.33	-21.866865671641786
160059308	-21.52	-21.81328358208955
160062040	-23.54	-21.752537313432835
160064772	-22.85	-21.68626865671642
160067504	-20.38	-21.633134328358206
160070236	-22.61	-21.585970149253733
160072968	-22.37	-21.535223880597012
160075699	-20.34	-21.513134328358205
160078431	-22.64	-21.49641791044776
160081163	-19.91	-21.458059701492537
160083895	-21.41	-21.402835820895522
160086627	-22.22	-21.335373134328353
160089359	-21.68	-21.304776119402984
160092091	-20.09	-21.252537313432832
160094822	-20.03	-21.213432835820893
160097554	-20.66	-21.166865671641787
160100286	-21.11	-21.11522388059701
160103018	-19.98	-21.05686567164179
160105750	-20.18	-21.04179104477612
160108482	-20.74	-20.982537313432836
160111214	-21.0	-20.933582089552235
160113945	-20.43	-20.850746268656717
160116677	-20.06	-20.786417910447764
160119409	-21.28	-20.7344776119403
160122141	-21.48	-20.671492537313434
160124873	-21.04	-20.68417910447761
160127605	-19.26	-20.628208955223876
160130337	-20.78	-20.53985074626865
160133068	-20.48	-20.50925373134328
160135800	-21.09	-20.45059701492537
160138532	-20.26	-20.39223880597015
160141264	-19.74	-20.32955223880597
160143996	-20.46	-20.282388059701493
160146728	-19.21	-20.225671641791042
160149460	-20.23	-20.168358208955222
160152191	-19.88	-20.125671641791048
160154923	-20.51	-20.05089552238806
160157655	-19.82	-19.968358208955227
160160387	-21.15	-19.947014925373136
160163119	-19.79	-19.876268656716416
160165851	-21.33	-19.790895522388055
160168583	-19.47	-19.761194029850742
160171314	-19.68	-19.7155223880597
160174046	-19.94	-19.667462686567166
160176778	-18.85	-19.591044776119404
160179510	-19.78	-19.520597014925375
160182242	-19.37	-19.45940298507462
160184974	-19.21	-19.46238805970149
160187706	-18.78	-19.405223880597013
160190437	-18.96	-19.32970149253731
160193169	-18.7	-19.270746268656712
160195901	-21.43	-19.24044776119403
160198633	-19.04	-19.194626865671637
160201365	-19.57	-19.13432835820895
160204097	-17.9	-19.072537313432836
160206829	-18.41	-19.024776119402983
160209561	-19.6	-18.981940298507464
160212292	-19.21	-18.92089552238806
160215024	-21.32	-18.843731343283583
160217756	-19.61	-18.767014925373136
160220488	-18.51	-18.7323880597015
160223220	-19.81	-18.679104477611943
160225952	-18.57	-18.62477611940299
160228684	-18.52	-18.57402985074627
160231415	-17.13	-18.504925373134338
160234147	-19.76	-18.46417910447762
160236879	-18.12	-18.43104477611941
160239611	-18.49	-18.378805970149262
160242343	-18.66	-18.322686567164187
160245075	-18.53	-18.278208955223892
160247807	-17.32	-18.229253731343295
160250538	-18.95	-18.178805970149263
160253270	-17.87	-18.105671641791055
160256002	-16.65	-18.059701492537325
160258734	-18.35	-17.98716417910449
160261466	-19.58	-17.95044776119404
160264198	-16.69	-17.885671641791053
160266930	-16.29	-17.84447761194031
160269661	-17.5	-17.8113432835821
160272393	-17.58	-17.786417910447767
160275125	-20.29	-17.744328358208964
160277857	-16.2	-17.710597014925384
160280589	-15.6	-17.667014925373138
160283321	-17.16	-17.635671641791046
160286053	-17.95	-17.604626865671648
160288784	-17.11	-17.529402985074633
160291516	-16.7	-17.485373134328363
160294248	-16.86	-17.43955223880597
160296980	-17.23	-17.40268656716418
160299712	-17.19	-17.370149253731345
160302444	-17.19	-17.329104477611942
160305176	-16.31	-17.27970149253732
160307907	-15.9	-17.191044776119412
160310639	-16.94	-17.15179104477613
160313371	-17.21	-17.110447761194038
160316103	-16.84	-17.07373134328359
160318835	-17.69	-17.041343283582098
160321567	-15.63	-17.01328358208956
160324299	-17.01	-16.996567164179115
160327030	-18.24	-16.943582089552244
160329762	-15.71	-16.90104477611941
160332494	-16.47	-16.90074626865672
160335226	-16.9	-16.86940298507463
160337958	-17.23	-16.874626865671644
160340690	-16.44	-16.870447761194033
160343422	-16.25	-16.842985074626863
160346154	-16.71	-16.83835820895522
160348885	-16.47	-16.854029850746265
160351617	-17.01	-16.84417910447761
160354349	-15.34	-16.79880597014925
160357081	-17.18	-16.80328358208955
160359813	-16.63	-16.78686567164179
160362545	-18.11	-16.748507462686565
160365277	-16.55	-16.734925373134327
160368008	-16.95	-16.693880597014928
160370740	-15.86	-16.71029850746269
160373472	-16.86	-16.730149253731344
160376204	-16.62	-16.7555223880597
160378936	-16.39	-16.73597014925373
160381668	-16.09	-16.727164179104477
160384400	-16.5	-16.71626865671642
160387131	-15.43	-16.713432835820896
160389863	-16.23	-16.723432835820898
160392595	-16.85	-16.71955223880597
160395327	-15.9	-16.73940298507463
160398059	-15.38	-16.753880597014927
160400791	-16.98	-16.777910447761194
160403523	-15.74	-16.765223880597013
160406254	-17.35	-16.753582089552236
160408986	-16.4	-16.732686567164176
160411718	-16.64	-16.714925373134328
160414450	-16.01	-16.693134328358205
160417182	-16.21	-16.693432835820893
160419914	-15.27	-16.66119402985074
160422646	-18.47	-16.662686567164172
160425377	-16.56	-16.66880597014925
160428109	-18.88	-16.6676119402985
160430841	-17.04	-16.682835820895516
160433573	-17.11	-16.676268656716413
160436305	-17.56	-16.694925373134325
160439037	-17.7	-16.68641791044776
160441769	-17.69	-16.69686567164179
160444500	-16.54	-16.69686567164179
160447232	-16.99	-16.725671641791042
160449964	-15.19	-16.728805970149253
160452696	-14.93	-16.730298507462685
160455428	-16.67	-16.7220895522388
160458160	-17.54	-16.740597014925367
160460892	-17.3	-16.7410447761194
160463623	-16.93	-16.779402985074622
160466355	-18.86	-16.79074626865671
160469087	-16.64	-16.782686567164173
160471819	-16.52	-16.776865671641787
160474551	-15.97	-16.78343283582089
160477283	-16.67	-16.78417910447761
160480015	-17.9	-16.802835820895517
160482747	-16.93	-16.808208955223872
160485478	-18.52	-16.80701492537313
160488210	-17.28	-16.81343283582089
160490942	-17.51	-16.834626865671638
160493674	-16.09	-16.815522388059698
160496406	-16.43	-16.809104477611935
160499138	-15.44	-16.801343283582085
160501870	-16.5	-16.798358208955218
160504601	-14.17	-16.788507462686564
160507333	-17.03	-16.79343283582089
160510065	-16.08	-16.78223880597014
160512797	-15.81	-16.80298507462686
160515529	-16.88	-16.7965671641791
160518261	-16.82	-16.804925373134324
160520993	-18.25	-16.765373134328353
160523724	-16.0	-16.771791044776116
160526456	-17.5	-16.758507462686563
160529188	-16.14	-16.730298507462685
160531920	-17.17	-16.708507462686566
160534652	-17.01	-16.683134328358204
160537384	-17.27	-16.667014925373135
160540116	-17.39	-16.660149253731344
160542847	-16.73	-16.675671641791045
160545579	-17.56	-16.683134328358207
160548311	-17.79	-16.637611940298505
160551043	-16.98	-16.62298507462686
160553775	-18.43	-16.625820895522384
160556507	-17.62	-16.609253731343284
160559239	-16.08	-16.534328358208953
160561970	-16.0	-16.529552238805966
160564702	-16.53	-16.53388059701492
160567434	-16.55	-16.54
160570166	-16.68	-16.538656716417904
160572898	-16.59	-16.521940298507463
160575630	-16.77	-16.509701492537314
160578362	-16.33	-16.490000000000002
160581093	-16.8	-16.46701492537314
160583825	-15.7	-16.461343283582096
160586557	-15.31	-16.4944776119403
160589289	-16.83	-16.487164179104482
160592021	-16.2	-16.510000000000005
160594753	-15.98	-16.49746268656717
160597485	-16.34	-16.518208955223884
160600216	-15.46	-16.516268656716424
160602948	-16.66	-16.541044776119403
160605680	-18.04	-16.54507462686567
160608412	-17.12	-16.53358208955224
160611144	-16.23	-16.527462686567166
160613876	-17.47	-16.490746268656714
160616608	-16.22	-16.48283582089552
160619340	-15.67	-16.29850746268657
160622071	-16.24	-16.289253731343287
160624803	-15.99	-16.25402985074627
160627535	-15.46	-16.275223880597014
160630267	-16.53	-16.255522388059703
160632999	-16.23	-16.243283582089553
160635731	-15.43	-16.207014925373134
160638463	-13.62	-16.199402985074624
160641194	-16.56	-16.16179104477612
160643926	-17.49	-16.133134328358206
160646658	-15.82	-16.108358208955224
160649390	-13.84	-16.096119402985074
160652122	-16.32	-16.098955223880594
160654854	-16.81	-16.10134328358209
160657586	-16.38	-16.09611940298507
160660317	-16.58	-16.06059701492537
160663049	-16.78	-16.064477611940298
160665781	-16.11	-16.038656716417904
160668513	-17.2	-16.026865671641787
160671245	-15.74	-16.035373134328353
160673977	-17.13	-16.04388059701492
160676709	-18.31	-16.041044776119396
160679440	-15.94	-16.0231343283582
160682172	-16.97	-15.91179104477611
160684904	-15.66	-15.851194029850738
160687636	-15.56	-15.85805970149253
160690368	-16.9	-15.851044776119396
160693100	-17.74	-15.84537313432835
160695832	-16.08	-15.8420895522388
160698563	-16.11	-15.831044776119397
160701295	-16.41	-15.819999999999997
160704027	-15.79	-15.836865671641787
160706759	-15.47	-15.809402985074623
160709491	-5.15	-15.81477611940298
160712223	-15.52	-15.819999999999997
160714955	-14.81	-15.820895522388057
160717686	-18.43	-15.806567164179103
160720418	-15.95	-15.806716417910447
160723150	-16.57	-15.792537313432835
160725882	-14.3	-15.775373134328353
160728614	-17.05	-15.785373134328353
160731346	-15.27	-15.72567164179104
160734078	-15.06	-15.570597014925374
160736809	-16.77	-15.522388059701493
160739541	-16.8	-15.535970149253732
160742273	-16.27	-15.562238805970146
160745005	-16.16	-15.547761194029851
160747737	-16.18	-15.53
160750469	-14.17	-15.53805970149254
160753201	-16.94	-15.561194029850752
160755933	-14.86	-15.570000000000004
160758664	-15.98	-15.541641791044778
160761396	-16.9	-15.491044776119404
160764128	-17.37	-15.496417910447764
160766860	-15.51	-15.473283582089556
160769592	-14.11	-15.464925373134333
160772324	-9.37	-15.472835820895527
160775056	-12.14	-15.465074626865677
160777787	-16.44	-15.484626865671645
160780519	-15.87	-15.528656716417915
160783251	-15.08	-15.509104477611945
160785983	-16.44	-15.490447761194032
160788715	-17.3	-15.506716417910452
160791447	-16.38	-15.509850746268661
160794179	-17.36	-15.512388059701498
160796910	-15.63	-15.518059701492545
160799642	-16.58	-15.512537313432839
160802374	-16.02	-15.670746268656721
160805106	-16.3	-15.674179104477613
160807838	-15.03	-15.693582089552239
160810570	-15.47	-15.645671641791049
160813302	-15.58	-15.662537313432837
160816033	-15.08	-15.65671641791045
160818765	-16.1	-15.680895522388065
160821497	-9.62	-15.644776119402989
160824229	-6.17	-15.676268656716424
160826961	-14.26	-15.710597014925375
160829693	-16.73	-15.692537313432837
160832425	-15.6	-15.678208955223882
160835156	-15.35	-15.652388059701494
160837888	-15.62	-15.667014925373138
160840620	-16.92	-15.65761194029851
160843352	-18.13	-15.68746268656717
160846084	-17.37	-15.677910447761196
160848816	-14.21	-15.724029850746271
160851548	-13.81	-15.737761194029853
160854279	-16.1	-15.7544776119403
160857011	-15.58	-15.736865671641793
160859743	-17.75	-15.751791044776121
160862475	-16.47	-15.78626865671642
160865207	-16.45	-15.911343283582092
160867939	-16.97	-15.93805970149254
160870671	-18.51	-15.929402985074626
160873402	-15.59	-15.930597014925372
160876134	-16.49	-15.982089552238802
160878866	-17.17	-15.970895522388055
160881598	-16.32	-15.949402985074622
160884330	-16.58	-15.973582089552233
160887062	-16.17	-15.970597014925369
160889794	-15.1	-15.992985074626866
160892526	-15.75	-15.974179104477608
160895257	-15.75	-15.993582089552234
160897989	-16.11	-15.994626865671636
160900721	-15.22	-16.009552238805966
160903453	-17.08	-16.035522388059697
160906185	-16.18	-16.054626865671636
160908917	-15.92	-16.09268656716418
160911649	-14.63	-16.104328358208956
160914380	-17.38	-16.1944776119403
160917112	-17.36	-16.3223880597015
160919844	-15.56	-16.307761194029855
160922576	-15.84	-16.30671641791045
160925308	-14.54	-16.32865671641791
160928040	-17.14	-16.334477611940297
160930772	-15.55	-16.33641791044776
160933503	-16.17	-16.34626865671642
160936235	-16.3	-16.316865671641793
160938967	-17.95	-16.299552238805973
160941699	-16.9	-16.338656716417916
160944431	-18.02	-16.382835820895522
160947163	-16.19	-16.41074626865672
160949895	-16.51	-16.437462686567162
160952626	-16.42	-16.40731343283582
160955358	-17.75	-16.394626865671643
160958090	-13.93	-16.426119402985073
160960822	-15.86	-16.39940298507463
160963554	-15.95	-16.356119402985072
160966286	-18.53	-16.366567164179102
160969018	-15.69	-16.37671641791045
160971749	-15.86	-16.356716417910448
160974481	-18.0	-16.368208955223878
160977213	-17.16	-16.35731343283582
160979945	-17.13	-16.37179104477612
160982677	-15.32	-16.37373134328358
160985409	-17.32	-16.370000000000005
160988141	-16.37	-16.364477611940302
160990872	-16.03	-16.366119402985078
160993604	-17.21	-16.37358208955224
160996336	-16.86	-16.33179104477612
160999068	-17.63	-16.35029850746269
161001800	-16.88	-16.354179104477613
161004532	-15.66	-16.36925373134329
161007264	-14.74	-16.3489552238806
161009995	-13.28	-16.3389552238806
161012727	-16.66	-16.36134328358209
161015459	-17.07	-16.372537313432836
161018191	-15.74	-16.376119402985076
161020923	-15.75	-16.346716417910443
161023655	-17.58	-16.342985074626867
161026387	-16.16	-16.3444776119403
161029119	-16.21	-16.327910447761194
161031850	-16.83	-16.299999999999997
161034582	-16.77	-16.28134328358209
161037314	-17.97	-16.26462686567164
161040046	-17.37	-16.259850746268654
161042778	-15.73	-16.249402985074624
161045510	-15.62	-16.262835820895518
161048242	-18.56	-16.22850746268656
161050973	-15.18	-16.265373134328353
161053705	-15.61	-16.261194029850742
161056437	-16.29	-16.26611940298507
161059169	-17.17	-16.207313432835818
161061901	-15.83	-16.204029850746267
161064633	-17.09	-16.215820895522388
161067365	-15.85	-16.19820895522388
161070096	-17.14	-16.174925373134325
161072828	-15.23	-16.1489552238806
161075560	-15.5	-16.132835820895522
161078292	-15.38	-16.114626865671642
161081024	-16.22	-16.096567164179106
161083756	-15.72	-16.10044776119403
161086488	-14.28	-16.066865671641793
161089219	-17.42	-16.05253731343284
161091951	-16.18	-16.02492537313433
161094683	-15.64	-15.997014925373133
161097415	-16.02	-15.993283582089555
161100147	-16.69	-15.995522388059706
161102879	-17.06	-16.002835820895527
161105611	-16.59	-15.974328358208957
161108342	-14.78	-15.951194029850747
161111074	-15.17	-15.97328358208955
161113806	-15.3	-15.961641791044777
161116538	-16.27	-15.914328358208955
161119270	-15.19	-15.9144776119403
161122002	-16.08	-15.900000000000002
161124734	-15.65	-15.860149253731345
161127465	-16.9	-15.829402985074626
161130197	-15.87	-15.805671641791045
161132929	-15.81	-15.772089552238803
161135661	-17.32	-15.752537313432834
161138393	-15.45	-15.71223880597015
161141125	-16.4	-15.656567164179101
161143857	-15.58	-15.662835820895516
161146588	-16.28	-15.669701492537309
161149320	-14.59	-15.642686567164175
161152052	-15.47	-15.592089552238804
161154784	-16.65	-15.551492537313427
161157516	-16.82	-15.510298507462684
161160248	-15.6	-15.508208955223877
161162980	-15.39	-15.473582089552236
161165712	-14.24	-15.482835820895522
161168443	-16.1	-15.462985074626866
161171175	-15.16	-15.467014925373133
161173907	-16.29	-15.47313432835821
161176639	-14.96	-15.474179104477612
161179371	-15.9	-15.485970149253731
161182103	-15.78	-15.455671641791048
161184835	-15.01	-15.45089552238806
161187566	-15.41	-15.435820895522388
161190298	-14.89	-15.457761194029851
161193030	-13.77	-15.452388059701494
161195762	-14.75	-15.438507462686573
161198494	-15.52	-15.401343283582092
161201226	-17.22	-15.403731343283585
161203958	-14.97	-15.387014925373139
161206689	-14.41	-15.381492537313436
161209421	-16.17	-15.359701492537315
161212153	-15.24	-15.35671641791045
161214885	-14.16	-15.341194029850747
161217617	-14.71	-15.352537313432837
161220349	-16.38	-15.315671641791047
161223081	-15.12	-15.287910447761194
161225812	-14.42	-15.28537313432836
161228544	-12.92	-15.244328358208957
161231276	-14.83	-15.271343283582093
161234008	-15.6	-15.247164179104477
161236740	-16.07	-15.242089552238806
161239472	-14.48	-15.23179104477612
161242204	-13.78	-15.275820895522388
161244935	-13.11	-15.280597014925375
161247667	-14.33	-15.267761194029852
161250399	-15.71	-15.239552238805969
161253131	-14.82	-15.225522388059696
161255863	-15.85	-15.201492537313428
161258595	-14.17	-15.203432835820891
161261327	-15.65	-15.214925373134324
161264058	-16.63	-15.206268656716416
161266790	-15.79	-15.193582089552235
161269522	-15.07	-15.21417910447761
161272254	-15.39	-15.216567164179102
161274986	-15.86	-15.230447761194025
161277718	-14.63	-15.22925373134328
161280450	-17.49	-15.212537313432831
161283181	-16.33	-15.224179104477606
161285913	-16.13	-15.236417910447756
161288645	-14.1	-15.255820895522382
161291377	-14.94	-15.231044776119397
161294109	-14.05	-15.221343283582083
161296841	-14.93	-15.224179104477606
161299573	-14.81	-15.245223880597013
161302305	-14.99	-15.223134328358206
161305036	-15.04	-15.19791044776119
161307768	-16.41	-15.19417910447761
161310500	-14.43	-15.208955223880595
161313232	-14.01	-15.183880597014927
161315964	-15.64	-15.1755223880597
161318696	-14.57	-15.188358208955222
161321428	-17.26	-15.242835820895522
161324159	-14.78	-15.240149253731342
161326891	-15.24	-15.227014925373133
161329623	-15.59	-15.228656716417907
161332355	-17.54	-15.246567164179103
161335087	-15.79	-15.261791044776118
161337819	-15.79	-15.301791044776117
161340551	-14.93	-15.33194029850746
161343282	-14.66	-15.337014925373133
161346014	-13.78	-15.372985074626866
161348746	-14.37	-15.37776119402985
161351478	-16.87	-15.392089552238806
161354210	-14.58	-15.400298507462686
161356942	-15.44	-15.384328358208952
161359674	-16.34	-15.430597014925368
161362405	-16.06	-15.447761194029848
161365137	-16.71	-15.446268656716413
161367869	-14.93	-15.425223880597011
161370601	-14.29	-15.444776119402981
161373333	-15.67	-15.412089552238804
161376065	-14.59	-15.414328358208955
161378797	-16.05	-15.414179104477608
161381528	-13.86	-15.444029850746265
161384260	-16.57	-15.442089552238805
161386992	-15.16	-15.458955223880594
161389724	-15.82	-15.479402985074625
161392456	-14.69	-15.493134328358204
161395188	-13.55	-15.497761194029845
161397920	-13.91	-15.52283582089552
161400651	-15.7	-15.531492537313428
161403383	-14.7	-15.552985074626859
161406115	-14.56	-15.563880597014922
161408847	-15.28	-15.547462686567158
161411579	-16.57	-15.544477611940295
161414311	-14.65	-15.554029850746266
161417043	-14.72	-15.576865671641785
161419774	-16.18	-15.587462686567159
161422506	-15.68	-15.59701492537313
161425238	-14.8	-15.568208955223875
161427970	-15.79	-15.579850746268653
161430702	-16.35	-15.566567164179105
161433434	-16.05	-15.582537313432836
161436166	-17.23	-15.58507462686567
161438898	-16.17	-15.620895522388063
161441629	-15.13	-15.652537313432836
161444361	-16.2	-15.642388059701492
161447093	-15.56	-15.65268656716418
161449825	-18.89	-15.641044776119408
161452557	-16.22	-15.635373134328361
161455289	-15.29	-15.625671641791046
161458021	-14.45	-15.596417910447762
161460752	-15.94	-15.584328358208953
161463484	-15.3	-15.578507462686566
161466216	-16.48	-15.593582089552243
161468948	-16.12	-15.624029850746272
161471680	-16.1	-15.627164179104478
161474412	-14.81	-15.670000000000002
161477144	-15.18	-15.669701492537312
161479875	-16.3	-15.698059701492538
161482607	-15.73	-15.701641791044777
161485339	-15.3	-15.73820895522388
161488071	-16.72	-15.77492537313433
161490803	-16.99	-15.811940298507464
161493535	-15.87	-15.811194029850748
161496267	-14.74	-15.84313432835821
161498998	-14.54	-15.86567164179104
161501730	-14.37	-15.889850746268655
161504462	-17.9	-15.898059701492535
161507194	-16.31	-15.908059701492537
161509926	-15.95	-15.946119402985072
161512658	-16.23	-15.976119402985075
161515390	-15.61	-15.993283582089552
161518121	-16.57	-16.02089552238806
161520853	-14.9	-16.027014925373134
161523585	-16.0	-16.01313432835821
161526317	-14.83	-16.028059701492538
161529049	-16.18	-16.001044776119404
161531781	-16.49	-16.009701492537314
161534513	-16.19	-16.02537313432836
161537244	-15.27	-16.026119402985074
161539976	-14.66	-16.027313432835818
161542708	-15.96	-15.979104477611939
161545440	-15.41	-15.975820895522386
161548172	-14.75	-15.971641791044771
161550904	-14.12	-15.979999999999999
161553636	-13.9	-15.980447761194027
161556367	-16.68	-15.9810447761194
161559099	-16.63	-15.985671641791038
161561831	-16.26	-15.95074626865671
161564563	-16.73	-15.929850746268656
161567295	-16.55	-15.919552238805965
161570027	-17.06	-15.934328358208951
161572759	-16.06	-15.921641791044776
161575491	-17.14	-15.947313432835822
161578222	-16.01	-15.937164179104476
161580954	-16.39	-15.913731343283583
161583686	-15.65	-15.897910447761195
161586418	-16.84	-15.887761194029855
161589150	-16.07	-15.873134328358208
161591882	-16.9	-15.871343283582087
161594614	-17.12	-15.87582089552239
161597345	-15.32	-15.838358208955224
161600077	-17.27	-15.848656716417908
161602809	-18.19	-15.830149253731342
161605541	-16.83	-15.814925373134328
161608273	-16.65	-15.802537313432833
161611005	-16.2	-15.764029850746264
161613737	-15.42	-15.73298507462686
161616468	-17.05	-15.691791044776112
161619200	-15.42	-15.694328358208947
161621932	-16.75	-15.668805970149249
161624664	-16.18	-15.655522388059696
161627396	-16.25	-15.64731343283582
161630128	-15.64	-15.667313432835819
161632860	-15.66	-15.687014925373134
161635591	-16.0	-15.675671641791045
161638323	-15.01	-15.677761194029852
161641055	-15.01	-15.712537313432836
161643787	-15.97	-15.725223880597017
161646519	-15.34	-15.76582089552239
161649251	-16.79	-15.74134328358209
161651983	-13.78	-15.705074626865676
161654714	-14.7	-15.698805970149257
161657446	-14.12	-15.652388059701497
161660178	-16.17	-15.63432835820896
161662910	-15.45	-15.619701492537317
161665642	-17.45	-15.601791044776121
161668374	-14.62	-15.551044776119408
161671106	-15.15	-15.556417910447761
161673837	-15.93	-15.540746268656717
161676569	-15.19	-15.530000000000003
161679301	-13.76	-15.510149253731347
161682033	-14.42	-15.496567164179108
161684765	-14.67	-15.483432835820901
161687497	-15.39	-15.44298507462687
161690229	-17.0	-15.43164179104478
161692960	-14.71	-15.396865671641793
161695692	-15.21	-15.373432835820898
161698424	-14.78	-15.362388059701496
161701156	-13.99	-15.333880597014927
161703888	-12.82	-15.301940298507466
161706620	-13.24	-15.303432835820898
161709352	-15.0	-15.267910447761194
161712084	-14.47	-15.279850746268657
161714815	-15.6	-15.256268656716417
161717547	-15.64	-15.218805970149253
161720279	-16.61	-15.192089552238807
161723011	-15.98	-15.194179104477612
161725743	-15.2	-15.183880597014927
161728475	-15.55	-15.170000000000002
161731207	-17.08	-15.182388059701493
161733938	-14.97	-15.187313432835822
161736670	-16.62	-15.183731343283583
161739402	-15.04	-15.20134328358209
161742134	-14.2	-15.185970149253734
161744866	-15.84	-15.208955223880599
161747598	-13.62	-15.209104477611941
161750330	-15.34	-15.22029850746269
161753061	-16.08	-15.201641791044777
161755793	-14.86	-15.164328358208957
161758525	-13.74	-15.133432835820896
161761257	-16.37	-15.148507462686569
161763989	-15.34	-15.170149253731344
161766721	-14.93	-15.12582089552239
161769453	-15.51	-15.080895522388062
161772184	-15.16	-15.103582089552239
161774916	-16.02	-15.104328358208956
161777648	-14.41	-15.085373134328359
161780380	-14.56	-15.096119402985076
161783112	-14.94	-15.075373134328359
161785844	-16.62	-15.101343283582091
161788576	-16.09	-15.098059701492538
161791307	-14.74	-15.124626865671642
161794039	-14.06	-15.136716417910447
161796771	-15.52	-15.153582089552241
161799503	-14.67	-15.16626865671642
161802235	-16.22	-15.160447761194034
161804967	-15.17	-15.195074626865674
161807699	-13.67	-15.206268656716421
161810430	-14.46	-15.216417910447767
161813162	-15.78	-15.198059701492543
161815894	-14.97	-15.214477611940303
161818626	-15.07	-15.224029850746273
161821358	-15.84	-15.220746268656722
161824090	-15.34	-15.205820895522393
161826822	-15.73	-15.230298507462692
161829553	-16.52	-15.205820895522393
161832285	-15.76	-15.219552238805974
161835017	-15.32	-15.257164179104484
161837749	-14.71	-15.247910447761198
161840481	-14.87	-15.278208955223885
161843213	-14.92	-15.316119402985079
161845945	-12.95	-15.315074626865677
161848677	-15.38	-15.345970149253736
161851408	-15.63	-15.395074626865675
161854140	-16.6	-15.378358208955225
161856872	-12.96	-15.407462686567166
161859604	-12.18	-15.435522388059702
161862336	-15.28	-15.45313432835821
161865068	-14.47	-15.463283582089556
161867800	-13.4	-15.46910447761194
161870531	-16.11	-15.492835820895522
161873263	-15.61	-15.450298507462687
161875995	-16.45	-15.443432835820897
161878727	-14.99	-15.43835820895523
161881459	-16.56	-15.45029850746269
161884191	-14.8	-15.473731343283585
161886923	-13.95	-15.507014925373138
161889654	-14.09	-15.514925373134329
161892386	-14.61	-15.541343283582092
161895118	-16.79	-15.554477611940296
161897850	-16.35	-15.562835820895524
161900582	-16.32	-15.58955223880597
161903314	-15.38	-15.621492537313435
161906046	-17.08	-15.642985074626868
161908777	-15.84	-15.674925373134329
161911509	-15.33	-15.706865671641793
161914241	-16.08	-15.737313432835823
161916973	-16.61	-15.752985074626869
161919705	-14.98	-15.7044776119403
161922437	-15.96	-15.608507462686568
161925169	-16.72	-15.585223880597015
161927900	-15.22	-15.597462686567168
161930632	-15.65	-15.641492537313436
161933364	-17.88	-15.641940298507466
161936096	-16.01	-15.635074626865674
161938828	-16.93	-15.698059701492538
161941560	-17.03	-15.709104477611938
161944292	-15.25	-15.72283582089552
161947023	-17.29	-15.717611940298509
161949755	-16.81	-15.73641791044776
161952487	-16.69	-15.780298507462685
161955219	-15.84	-15.80089552238806
161957951	-16.41	-15.834776119402987
161960683	-16.0	-15.90208955223881
161963415	-11.71	-15.881641791044778
161966146	-14.48	-15.86402985074627
161968878	-16.28	-15.844328358208958
161971610	-16.89	-15.861044776119403
161974342	-16.31	-15.852686567164177
161977074	-16.29	-15.878059701492536
161979806	-16.05	-15.895671641791049
161982538	-16.44	-15.86955223880597
161985270	-17.1	-15.855522388059704
161988001	-15.73	-15.829253731343286
161990733	-15.46	-15.834179104477613
161993465	-16.6	-15.864626865671642
161996197	-17.22	-15.870298507462685
161998929	-17.11	-15.85835820895522
162001661	-17.21	-15.839999999999996
162004393	-17.88	-15.852238805970147
162007124	-16.39	-15.848955223880596
162009856	-12.48	-15.819104477611935
162012588	-10.09	-15.798358208955218
162015320	-14.2	-15.777910447761188
162018052	-16.14	-15.76805970149253
162020784	-17.66	-15.771641791044773
162023516	-14.9	-15.759999999999998
162026247	-14.46	-15.675522388059697
162028979	-17.17	-15.664776119402982
162031711	-16.12	-15.64417910447761
162034443	-16.55	-15.620298507462685
162037175	-16.25	-15.626865671641788
162039907	-14.22	-15.601940298507458
162042639	-15.12	-15.5765671641791
162045370	-16.66	-15.562537313432832
162048102	-16.74	-15.552089552238806
162050834	-17.91	-15.517313432835818
162053566	-14.74	-15.504029850746269
162056298	-14.43	-15.539402985074625
162059030	-15.13	-15.54358208955224
162061762	-16.11	-15.528208955223882
162064493	-16.0	-15.506417910447762
162067225	-16.5	-15.504179104477615
162069957	-15.13	-15.489402985074626
162072689	-12.34	-15.45716417910448
162075421	-13.67	-15.353880597014927
162078153	-15.03	-15.259402985074624
162080885	-16.68	-15.231492537313432
162083616	-18.36	-15.216417910447761
162086348	-15.76	-15.198208955223881
162089080	-16.28	-15.17268656716418
162091812	-14.61	-15.148059701492539
162094544	-16.15	-15.115970149253732
162097276	-15.86	-15.068805970149254
162100008	-14.61	-15.052985074626866
162102739	-13.59	-15.09358208955224
162105471	-14.59	-15.164626865671643
162108203	-16.06	-15.181194029850744
162110935	-15.46	-15.181641791044774
162113667	-14.87	-15.16462686567164
162116399	-12.22	-15.212089552238805
162119131	-15.29	-15.20686567164179
162121863	-15.55	-15.157910447761195
162124594	-15.43	-15.135671641791046
162127326	-15.69	-15.10641791044776
162130058	-15.62	-15.08268656716418
162132790	-15.11	-15.08089552238806
162135522	-15.75	-15.015820895522387
162138254	-15.14	-14.990746268656716
162140986	-14.08	-14.951940298507463
162143717	-15.11	-14.95731343283582
162146449	-14.08	-14.963134328358207
162149181	-14.76	-14.913432835820894
162151913	-15.25	-14.886865671641791
162154645	-15.43	-14.858358208955226
162157377	-16.16	-14.853731343283584
162160109	-15.3	-14.822388059701495
162162840	-13.89	-14.81074626865672
162165572	-9.52	-14.850447761194033
162168304	-10.77	-14.865074626865674
162171036	-13.86	-14.857910447761196
162173768	-14.45	-14.839253731343286
162176500	-15.38	-14.762985074626865
162179232	-15.51	-14.698358208955224
162181963	-15.46	-14.59910447761194
162184695	-15.06	-14.494179104477611
162187427	-14.72	-14.442089552238807
162190159	-15.33	-14.447910447761192
162192891	-15.2	-14.448358208955222
162195623	-14.85	-14.455820895522386
162198355	-15.31	-14.418507462686566
162201086	-16.17	-14.33731343283582
162203818	-16.52	-14.294626865671642
162206550	-18.08	-14.305671641791045
162209282	-14.11	-14.33641791044776
162212014	-13.89	-14.312089552238808
162214746	-14.63	-14.306119402985075
162217478	-14.59	-14.282089552238805
162220209	-14.66	-14.263731343283583
162222941	-14.1	-14.266567164179104
162225673	-10.76	-14.26268656716418
162228405	-14.98	-14.243731343283583
162231137	-14.14	-14.13179104477612
162233869	-18.27	-14.130597014925373
162236601	-15.13	-14.134328358208956
162239332	-11.1	-14.197462686567162
162242064	-13.35	-14.225223880597014
162244796	-14.2	-14.232686567164178
162247528	-15.69	-14.25238805970149
162250260	-14.4	-14.254328358208953
162252992	-14.35	-14.278208955223878
162255724	-15.0	-14.309402985074625
162258456	-14.65	-14.415223880597013
162261187	-14.55	-14.50865671641791
162263919	-15.43	-14.581641791044774
162266651	-13.25	-14.651791044776118
162269383	-11.43	-14.663731343283581
162272115	-9.63	-14.685671641791043
162274847	-7.58	-14.686567164179102
162277579	-12.66	-14.701641791044777
162280310	-16.25	-14.713432835820894
162283042	-14.64	-14.708656716417908
162285774	-14.09	-14.660298507462683
162288506	-12.09	-14.691940298507461
162291238	-10.62	-14.689850746268656
162293970	-12.6	-14.712686567164177
162296702	-15.61	-14.722089552238806
162299433	-14.28	-14.714477611940296
162302165	-13.66	-14.755970149253729
162304897	-15.15	-14.790149253731341
162307629	-13.82	-14.75417910447761
162310361	-14.46	-14.67
162313093	-15.81	-14.672537313432837
162315825	-14.85	-14.694029850746267
162318556	-14.48	-14.763582089552239
162321288	-7.64	-14.78507462686567
162324020	-14.0	-14.781044776119401
162326752	-15.36	-14.720746268656717
162329484	-18.31	-14.65044776119403
162332216	-16.62	-14.544179104477612
162334948	-15.75	-14.202388059701493
162337679	-16.75	-14.08402985074627
162340411	-16.29	-14.009850746268656
162343143	-16.9	-14.027313432835824
162345875	-15.98	-14.035074626865674
162348607	-16.61	-14.048656716417913
162351339	-17.03	-14.064328358208957
162354071	-18.75	-14.110298507462689
162356802	-19.15	-14.127462686567167
162359534	-16.18	-14.14029850746269
162362266	-16.98	-14.179850746268661
162364998	-15.52	-14.265373134328362
162367730	-16.07	-14.37477611940299
162370462	-15.51	-14.390746268656718
162373194	-15.01	-14.326119402985077
162375925	-11.96	-14.278805970149257
162378657	-16.97	-14.155522388059705
162381389	-15.17	-13.96268656716418
162384121	-17.7	-13.636417910447763
162386853	-17.15	-13.39313432835821
162389585	-17.57	-13.239850746268658
162392317	-16.89	-13.185373134328358
162395049	-16.18	-13.167910447761194
162397780	-12.22	-13.182686567164179
162400512	-8.95	-13.214328358208958
162403244	-14.83	-13.239104477611942
162405976	-15.54	-13.21492537313433
162408708	-15.42	-13.059552238805972
162411440	-16.42	-12.970447761194032
162414172	-13.87	-13.057014925373139
162416903	-14.23	-13.0934328358209
162419635	-10.42	-13.1479104477612
162422367	-3.98	-13.17149253731344
162425099	9.55	-13.183134328358214
162427831	-6.27	-13.212686567164184
162430563	-10.72	-13.235522388059707
162433295	-15.57	-13.19074626865672
162436026	-14.87	-13.150895522388065
162438758	-15.91	-13.198805970149259
162441490	-15.7	-13.230298507462692
162444222	-17.63	-13.277164179104481
162446954	-16.58	-13.28611940298508
162449686	-14.11	-13.295970149253735
162452418	-14.08	-13.361940298507468
162455149	-15.36	-13.414626865671647
162457881	-14.91	-13.457014925373139
162460613	-13.73	-13.452686567164184
162463345	-11.92	-13.508059701492542
162466077	-11.47	-13.57671641791045
162468809	-5.83	-13.68761194029851
162471541	0.83	-13.72313432835821
162474272	11.24	-13.799104477611941
162477004	3.7	-13.822985074626864
162479736	-5.34	-13.914626865671641
162482468	-10.63	-13.949850746268655
162485200	-12.49	-13.98641791044776
162487932	-16.14	-13.962686567164177
162490664	-15.94	-14.085373134328359
162493395	-16.12	-14.249850746268656
162496127	-14.19	-14.33358208955224
162498859	-4.44	-14.419253731343284
162501591	-8.51	-14.507164179104477
162504323	-13.44	-14.597910447761194
162507055	-16.44	-14.700149253731343
162509787	-19.01	-14.814925373134328
162512518	-19.89	-14.959253731343283
162515250	-17.4	-15.213283582089552
162517982	-17.73	-15.627910447761197
162520714	-18.28	-15.81194029850746
162523446	-13.29	-15.965223880597012
162526178	-14.23	-16.069701492537316
162528910	-19.19	-16.14865671641791
162531642	-18.72	-16.212835820895524
162534373	-20.17	-16.22074626865672
162537105	-19.35	-16.193880597014928
162539837	-19.81	-16.206567164179106
162542569	-20.6	-16.30716417910448
162545301	-20.51	-16.408805970149256
162548033	-18.36	-16.501194029850748
162550765	-15.78	-16.589552238805975
162553496	-19.22	-16.735970149253735
162556228	-19.61	-16.90402985074627
162558960	-19.39	-17.055522388059703
162561692	-19.35	-17.29671641791045
162564424	-20.26	-17.60985074626866
162567156	-19.3	-18.06641791044776
162569888	-23.29	-18.39268656716418
162572619	-19.93	-18.6034328358209
162575351	-19.34	-18.791791044776122
162578083	-14.59	-18.93402985074627
162580815	-20.44	-19.005970149253738
162583547	-19.97	-19.021044776119407
162586279	-20.44	-19.0323880597015
162589011	-21.28	-19.143582089552243
162591742	-21.31	-19.397164179104486
162594474	-22.5	-19.612835820895533
162597206	-20.72	-19.741641791044785
162599938	-21.92	-19.825223880597022
162602670	-20.09	-19.88104477611941
162605402	-21.0	-19.935820895522394
162608134	-18.23	-20.023731343283586
162610865	-18.6	-20.086268656716424
162613597	-20.99	-20.14716417910448
162616329	-22.57	-20.276865671641794
162619061	-20.16	-20.395074626865675
162621793	-20.21	-20.43985074626866
162624525	-16.23	-20.506268656716422
162627257	-15.83	-20.550149253731345
162629988	-17.43	-20.592089552238807
162632720	-20.85	-20.645223880597015
162635452	-20.89	-20.707164179104478
162638184	-21.55	-20.731194029850744
162640916	-20.83	-20.76283582089552
162643648	-23.54	-20.83833333333333
162646380	-23.18	-20.863230769230768
162649111	-21.62	-20.8828125
162651843	-21.99	-20.906507936507936
162654575	-20.15	-20.931612903225805
162657307	-19.35	-20.942622950819672
162660039	-18.16	-20.969999999999995
162662771	-19.46	-20.930677966101694
162665503	-23.25	-20.947931034482757
162668235	-22.02	-20.97614035087719
162670966	-20.96	-21.090178571428567
162673698	-16.95	-21.101999999999997
162676430	-16.88	-21.122962962962962
162679162	-21.64	-21.13584905660377
162681894	-21.43	-21.13307692307692
162684626	-22.96	-21.129607843137254
162687358	-22.07	-21.102199999999996
162690089	-22.04	-21.109999999999996
162692821	-22.75	-21.093125
162695553	-23.56	-21.11446808510638
162698285	-23.29	-21.116956521739127
162701017	-21.92	-21.181111111111107
162703749	-22.36	-21.239772727272722
162706481	-21.98	-21.245581395348832
162709212	-22.15	-21.214047619047612
162711944	-22.19	-21.23975609756097
162714676	-23.17	-21.265499999999996
162717408	-23.11	-21.39461538461538
162720140	-22.16	-21.541052631578943
162722872	-23.37	-21.652162162162163
162725604	-24.75	-21.674444444444443
162728335	-22.12	-21.69685714285714
162731067	-20.48	-21.701176470588237
162733799	-20.48	-21.727575757575757
