# freq_hz   signal_dbm 
#----------+------------
 88000000       -20.8
 88002724      -22.31
 88005448      -21.37
 88008172      -21.65
 88010896      -22.33
 88013620      -20.93
 88016345      -22.36
 88019069      -21.14
 88021793      -21.47
 88024517      -21.85
 88027241      -21.33
 88029965      -22.01
 88032689      -22.43
 88035413      -21.69
 88038137      -22.31
 88040861      -21.85
 88043585      -20.69
 88046310      -22.76
 88049034      -21.96
 88051758      -22.39
 88054482      -23.17
 88057206      -22.18
 88059930      -22.01
 88062654       -22.2
 88065378      -22.69
 88068102      -22.18
 88070826      -21.61
 88073550      -23.12
 88076275      -20.86
 88078999      -23.16
 88081723       -23.1
 88084447      -22.06
 88087171      -21.92
 88089895      -22.26
 88092619      -21.71
 88095343      -22.76
 88098067      -21.42
 88100791      -21.28
 88103515      -21.76
 88106240      -22.13
 88108964      -21.08
 88111688      -21.83
 88114412      -22.33
 88117136      -22.63
 88119860      -22.23
 88122584      -22.32
 88125308      -21.85
 88128032      -22.14
 88130756      -22.59
 88133480      -22.12
 88136205      -21.92
 88138929      -22.57
 88141653      -22.51
 88144377      -22.43
 88147101      -21.72
 88149825      -22.39
 88152549      -21.59
 88155273      -21.47
 88157997      -22.61
 88160721       -22.1
 88163445      -21.97
 88166169      -22.03
 88168894      -21.43
 88171618      -21.25
 88174342      -20.43
 88177066      -19.35
 88179790      -21.66
 88182514      -20.87
 88185238      -20.81
 88187962      -21.36
 88190686      -20.58
 88193410      -19.08
 88196134       -19.9
 88198859      -20.49
 88201583      -20.18
 88204307       -20.4
 88207031      -19.48
 88209755      -18.66
 88212479      -19.25
 88215203      -19.84
 88217927      -19.78
 88220651      -19.88
 88223375      -19.43
 88226099      -19.62
 88228824      -20.15
 88231548      -19.49
 88234272      -19.91
 88236996      -19.91
 88239720      -20.32
 88242444       -19.2
 88245168       -19.8
 88247892      -20.33
 88250616      -19.39
 88253340      -20.27
 88256064      -20.33
 88258789      -19.44
 88261513         -19
 88264237      -19.19
 88266961      -19.83
 88269685      -19.13
 88272409      -17.76
 88275133       -18.9
 88277857      -19.17
 88280581      -18.42
 88283305      -18.24
 88286029      -19.11
 88288754      -18.63
 88291478      -17.69
 88294202      -18.17
 88296926       -18.2
 88299650      -18.12
 88302374      -16.49
 88305098      -17.41
 88307822      -14.58
 88310546      -15.97
 88313270      -15.58
 88315994      -16.13
 88318719      -16.06
 88321443      -15.94
 88324167      -16.67
 88326891      -15.37
 88329615      -14.96
 88332339      -15.85
 88335063      -15.56
 88337787      -14.34
 88340511      -14.26
 88343235      -15.42
 88345959      -15.41
 88348684      -15.97
 88351408      -15.38
 88354132      -17.24
 88356856      -15.75
 88359580       -14.9
 88362304      -15.49
 88365028      -14.83
 88367752      -14.75
 88370476       -15.4
 88373200      -13.89
 88375924      -15.48
 88378649      -15.22
 88381373      -14.83
 88384097      -16.51
 88386821      -15.39
 88389545      -15.13
 88392269      -16.13
 88394993      -16.08
 88397717      -15.78
 88400441      -15.55
 88403165      -15.63
 88405889       -15.2
 88408614      -14.74
 88411338      -13.96
 88414062      -15.04
 88416786      -14.77
 88419510       -14.8
 88422234      -14.42
 88424958      -14.55
 88427682      -14.04
 88430406       -14.2
 88433130      -14.49
 88435854       -13.7
 88438578      -13.11
 88441303      -13.58
 88444027      -13.34
 88446751      -12.87
 88449475      -12.85
 88452199      -12.64
 88454923      -12.03
 88457647       -8.33
 88460371       -8.75
 88463095       -9.35
 88465819       -8.45
 88468543       -6.23
 88471268       -4.29
 88473992       -3.31
 88476716       -1.29
 88479440        3.48
 88482164        2.42
 88484888        2.83
 88487612        2.99
 88490336        3.74
 88493060        4.14
 88495784        7.54
 88498508       10.01
 88501233        7.02
 88503957        5.41
 88506681        5.16
 88509405        5.14
 88512129        4.36
 88514853         4.4
 88517577        4.42
 88520301        4.03
 88523025         2.9
 88525749        2.21
 88528473        0.63
 88531198        0.16
 88533922       -0.22
 88536646       -2.63
 88539370       -5.35
 88542094       -6.16
 88544818       -8.15
 88547542       -8.54
 88550266       -9.21
 88552990      -11.41
 88555714      -11.78
 88558438      -13.24
 88561163      -13.83
 88563887      -14.24
 88566611      -14.28
 88569335      -14.76
 88572059      -13.48
 88574783      -14.61
 88577507      -15.01
 88580231      -14.92
 88582955      -15.31
 88585679      -16.14
 88588403      -15.03
 88591128      -15.34
 88593852      -15.26
 88596576      -16.23
 88599300      -15.64
 88602024       -15.3
 88604748      -15.32
 88607472      -14.36
 88610196      -15.77
 88612920      -15.57
 88615644      -14.63
 88618368      -15.25
 88621093      -14.73
 88623817      -14.72
 88626541      -14.92
 88629265      -14.46
 88631989      -15.23
 88634713      -15.25
 88637437      -14.42
 88640161      -15.21
 88642885      -14.74
 88645609      -14.48
 88648333      -14.19
 88651058      -14.73
 88653782      -14.71
 88656506      -14.46
 88659230      -13.94
 88661954      -13.47
 88664678      -13.78
 88667402      -14.65
 88670126       -15.5
 88672850       -13.9
 88675574      -14.11
 88678298      -14.79
 88681023      -14.16
 88683747      -14.31
 88686471      -13.89
 88689195      -14.05
 88691919       -14.4
 88694643      -15.23
 88697367      -15.71
 88700091      -15.87
 88702815      -15.73
 88705539      -15.92
 88708263      -15.46
 88710987         -18
 88713712      -16.49
 88716436       -16.6
 88719160       -16.6
 88721884         -16
 88724608      -15.44
 88727332      -16.25
 88730056      -16.34
 88732780      -16.08
 88735504       -17.2
 88738228       -15.2
 88740952       -16.1
 88743677      -16.36
 88746401       -16.3
 88749125      -15.67
 88751849      -15.75
 88754573      -17.07
 88757297      -16.73
 88760021       -16.4
 88762745      -16.77
 88765469      -15.59
 88768193      -15.47
 88770917      -14.82
 88773642      -15.63
 88776366      -16.02
 88779090      -15.56
 88781814      -16.66
 88784538      -15.84
 88787262      -15.23
 88789986      -16.01
 88792710      -16.17
 88795434      -16.86
 88798158      -16.21
 88800882      -16.18
 88803607      -14.43
 88806331      -16.51
 88809055      -16.13
 88811779      -17.41
 88814503      -15.87
 88817227      -16.89
 88819951      -16.09
 88822675      -16.66
 88825399      -17.49
 88828123      -17.21
 88830847      -17.43
 88833572      -16.08
 88836296      -14.72
 88839020      -15.11
 88841744      -16.37
 88844468      -17.08
 88847192       -16.5
 88849916      -16.75
 88852640      -16.78
 88855364      -16.45
 88858088      -16.54
 88860812      -16.82
 88863537      -17.03
 88866261      -16.37
 88868985      -14.64
 88871709      -15.05
 88874433      -15.62
 88877157      -16.86
 88879881      -16.35
 88882605      -16.02
 88885329      -16.78
 88888053      -15.72
 88890777       -16.6
 88893502       -16.2
 88896226      -15.87
 88898950       -16.4
 88901674      -14.79
 88904398      -13.67
 88907122       -15.8
 88909846      -15.49
 88912570      -16.82
 88915294      -16.12
 88918018      -16.55
 88920742      -16.64
 88923467      -16.02
 88926191       -15.6
 88928915      -16.05
 88931639      -15.55
 88934363      -16.08
 88937087      -15.14
 88939811       -15.3
 88942535       -15.7
 88945259      -16.17
 88947983      -15.67
 88950707      -15.36
 88953432      -14.89
 88956156      -15.58
 88958880      -15.83
 88961604      -15.56
 88964328       -15.3
 88967052      -15.27
 88969776      -13.22
 88972500      -14.81
 88975224      -14.68
 88977948      -15.45
 88980672      -14.14
 88983396      -14.56
 88986121      -14.53
 88988845      -13.83
 88991569      -13.68
 88994293      -14.15
 88997017      -15.14
 88999741      -14.74
 89002465      -14.06
 89005189      -13.13
 89007913      -14.21
 89010637      -14.03
 89013361      -13.31
 89016086      -13.82
 89018810      -13.67
 89021534      -13.03
 89024258      -13.89
 89026982      -12.64
 89029706      -13.19
 89032430       -12.9
 89035154      -12.43
 89037878      -13.61
 89040602      -13.12
 89043326      -13.76
 89046051      -13.52
 89048775      -13.39
 89051499       -13.6
 89054223       -13.2
 89056947      -13.15
 89059671      -13.39
 89062395      -13.63
 89065119      -13.38
 89067843      -13.34
 89070567      -12.73
 89073291      -12.64
 89076016      -13.48
 89078740      -13.46
 89081464      -12.65
 89084188      -13.46
 89086912      -13.44
 89089636      -12.34
 89092360      -10.07
 89095084      -12.62
 89097808      -13.12
 89100532      -13.72
 89103256         -14
 89105981      -13.75
 89108705      -13.65
 89111429      -13.84
 89114153       -13.9
 89116877      -14.65
 89119601      -14.62
 89122325      -15.03
 89125049      -14.85
 89127773      -15.66
 89130497       -16.3
 89133221      -15.75
 89135946      -15.95
 89138670      -15.86
 89141394      -16.03
 89144118      -15.66
 89146842      -16.06
 89149566      -15.61
 89152290       -17.2
 89155014      -15.75
 89157738      -15.58
 89160462      -15.68
 89163186      -16.28
 89165911      -15.84
 89168635      -15.13
 89171359      -15.91
 89174083      -16.18
 89176807       -15.7
 89179531      -15.61
 89182255      -15.53
 89184979      -15.13
 89187703      -16.08
 89190427      -15.67
 89193151      -15.22
 89195876      -16.15
 89198600      -15.55
 89201324      -15.08
 89204048      -15.83
 89206772      -16.05
 89209496      -15.42
 89212220      -15.55
 89214944      -15.18
 89217668      -15.46
 89220392      -14.71
 89223116      -15.52
 89225841      -16.14
 89228565      -15.73
 89231289      -14.64
 89234013      -15.56
 89236737      -15.64
 89239461      -14.93
 89242185      -15.11
 89244909       -14.4
 89247633      -15.11
 89250357      -16.17
 89253081      -14.15
 89255805      -14.25
 89258530      -14.06
 89261254      -13.91
 89263978      -14.39
 89266702      -14.65
 89269426      -14.22
 89272150      -14.62
 89274874      -13.53
 89277598      -12.97
 89280322      -13.68
 89283046      -13.37
 89285770      -13.37
 89288495      -13.37
 89291219      -13.34
 89293943       -13.9
 89296667      -13.45
 89299391      -13.39
 89302115      -13.57
 89304839      -14.07
 89307563      -13.81
 89310287      -15.32
 89313011      -13.99
 89315735      -14.23
 89318460      -15.58
 89321184      -14.47
 89323908      -15.21
 89326632      -15.14
 89329356      -13.75
 89332080      -14.57
 89334804       -15.4
 89337528      -14.35
 89340252      -15.36
 89342976      -14.25
 89345700      -15.02
 89348425      -14.37
 89351149      -14.62
 89353873      -13.91
 89356597      -13.49
 89359321      -14.34
 89362045      -14.62
 89364769      -14.38
 89367493       -14.5
 89370217      -14.52
 89372941      -14.42
 89375665      -15.55
 89378390      -14.76
 89381114      -14.72
 89383838         -15
 89386562      -15.63
 89389286      -15.24
 89392010      -15.58
 89394734      -15.57
 89397458      -15.57
 89400182      -15.34
 89402906       -15.3
 89405630      -14.95
 89408355      -15.18
 89411079      -16.26
 89413803      -16.13
 89416527      -15.31
 89419251      -14.81
 89421975      -15.27
 89424699      -14.37
 89427423      -14.58
 89430147      -15.83
 89432871      -14.85
 89435595      -14.25
 89438320       -13.8
 89441044       -14.3
 89443768      -14.92
 89446492      -14.11
 89449216      -15.21
 89451940       -15.2
 89454664      -15.65
 89457388      -14.41
 89460112      -13.06
 89462836       -14.7
 89465560      -12.62
 89468285      -12.73
 89471009      -13.08
 89473733      -12.34
 89476457      -12.34
 89479181       -9.95
 89481905      -10.89
 89484629      -12.74
 89487353      -11.84
 89490077      -11.96
 89492801       -8.98
 89495525       -6.29
 89498250        0.25
 89500974         0.5
 89503698       -7.18
 89506422       -8.71
 89509146       -7.94
 89511870       -8.23
 89514594       -9.19
 89517318        -7.3
 89520042      -10.24
 89522766      -10.63
 89525490      -11.15
 89528214      -11.55
 89530939      -12.59
 89533663      -12.71
 89536387       -13.8
 89539111      -14.09
 89541835      -13.49
 89544559      -14.06
 89547283      -13.38
 89550007      -13.67
 89552731      -12.57
 89555455      -13.12
 89558179      -12.72
 89560904      -13.35
 89563628      -12.67
 89566352      -12.45
 89569076      -13.39
 89571800      -13.09
 89574524      -13.78
 89577248      -12.61
 89579972      -12.73
 89582696      -13.02
 89585420      -11.89
 89588144      -12.15
 89590869      -12.32
 89593593      -12.52
 89596317      -12.47
 89599041      -11.54
 89601765      -11.55
 89604489      -12.29
 89607213      -11.38
 89609937      -11.81
 89612661       -10.8
 89615385       -11.3
 89618109      -12.48
 89620834       -11.2
 89623558      -10.54
 89626282      -11.14
 89629006      -10.78
 89631730      -11.92
 89634454       -11.4
 89637178      -11.74
 89639902      -12.03
 89642626      -11.18
 89645350      -11.03
 89648074      -11.64
 89650799       -12.3
 89653523      -12.34
 89656247      -11.48
 89658971      -11.07
 89661695      -11.52
 89664419      -11.78
 89667143      -11.63
 89669867      -12.19
 89672591       -12.8
 89675315      -11.82
 89678039      -11.92
 89680764      -12.89
 89683488      -11.59
 89686212      -10.34
 89688936      -12.02
 89691660      -12.76
 89694384      -13.25
 89697108      -12.25
 89699832      -13.22
 89702556      -12.49
 89705280      -12.93
 89708004      -12.48
 89710729      -12.31
 89713453      -12.64
 89716177      -13.09
 89718901      -14.59
 89721625      -13.81
 89724349      -15.45
 89727073      -14.54
 89729797      -15.03
 89732521      -15.61
 89735245      -14.92
 89737969      -14.72
 89740694      -15.26
 89743418      -13.74
 89746142      -15.51
 89748866         -15
 89751590      -14.47
 89754314      -14.82
 89757038      -14.61
 89759762      -15.22
 89762486      -14.34
 89765210      -15.17
 89767934      -14.64
 89770659      -15.12
 89773383      -14.33
 89776107      -15.57
 89778831      -14.88
 89781555      -16.31
 89784279      -15.44
 89787003      -14.66
 89789727      -14.98
 89792451      -15.25
 89795175      -14.38
 89797899      -15.51
 89800623      -15.73
 89803348      -15.62
 89806072      -15.01
 89808796      -14.34
 89811520      -15.83
 89814244      -14.87
 89816968      -14.49
 89819692      -14.99
 89822416      -15.07
 89825140      -14.49
 89827864       -14.3
 89830588       -14.2
 89833313      -14.27
 89836037      -14.34
 89838761       -13.1
 89841485      -13.79
 89844209      -15.37
 89846933       -13.6
 89849657      -13.83
 89852381      -13.82
 89855105      -14.11
 89857829      -14.59
 89860553      -14.69
 89863278      -14.28
 89866002      -13.88
 89868726      -14.56
 89871450       -14.9
 89874174      -14.38
 89876898      -14.13
 89879622      -13.81
 89882346       -13.5
 89885070      -15.33
 89887794       -13.6
 89890518      -13.18
 89893243      -13.81
 89895967      -13.09
 89898691      -13.56
 89901415      -13.58
 89904139      -14.74
 89906863      -14.14
 89909587      -14.85
 89912311      -14.24
 89915035      -14.41
 89917759      -14.62
 89920483      -15.01
 89923208      -13.79
 89925932      -14.17
 89928656       -14.9
 89931380      -14.66
 89934104      -14.47
 89936828      -14.63
 89939552      -13.43
 89942276      -14.54
 89945000      -14.22
 89947724      -14.56
 89950448      -15.53
 89953173      -14.22
 89955897       -14.2
 89958621      -15.58
 89961345      -15.42
 89964069      -15.24
 89966793      -14.78
 89969517      -14.98
 89972241      -14.86
 89974965      -14.95
 89977689      -14.49
 89980413      -15.85
 89983138      -15.33
 89985862      -15.05
 89988586      -14.66
 89991310      -14.16
 89994034      -14.33
 89996758      -15.04
 89999482      -14.39
 90002206      -15.16
 90004930      -14.21
 90007654      -15.13
 90010378      -14.17
 90013103      -14.93
 90015827      -14.02
 90018551      -15.09
 90021275      -13.79
 90023999      -13.65
 90026723      -14.36
 90029447      -15.07
 90032171      -14.73
 90034895      -14.35
 90037619      -14.53
 90040343      -14.35
 90043068      -14.42
 90045792      -15.08
 90048516      -14.66
 90051240      -14.37
 90053964      -14.08
 90056688      -14.07
 90059412      -14.18
 90062136      -14.78
 90064860      -14.42
 90067584       -15.1
 90070308      -14.64
 90073032       -14.6
 90075757      -13.66
 90078481      -14.36
 90081205      -14.63
 90083929      -14.76
 90086653       -13.6
 90089377      -13.24
 90092101      -14.48
 90094825      -14.25
 90097549       -12.9
 90100273      -13.31
 90102997      -12.26
 90105722      -12.95
 90108446      -11.69
 90111170      -12.84
 90113894      -11.71
 90116618      -11.56
 90119342      -12.11
 90122066      -11.81
 90124790      -12.76
 90127514      -12.62
 90130238      -12.78
 90132962      -12.07
 90135687      -11.51
 90138411      -12.07
 90141135       -11.8
 90143859      -11.28
 90146583      -11.72
 90149307      -12.21
 90152031       -11.3
 90154755      -11.34
 90157479      -11.95
 90160203      -11.27
 90162927      -10.91
 90165652      -11.38
 90168376      -10.76
 90171100      -11.92
 90173824      -12.67
 90176548      -11.84
 90179272      -11.43
 90181996      -11.59
 90184720      -12.15
 90187444      -13.21
 90190168      -11.72
 90192892      -11.03
 90195617      -11.79
 90198341      -11.04
 90201065      -10.99
 90203789      -10.63
 90206513      -11.71
 90209237      -10.39
 90211961      -11.33
 90214685      -10.39
 90217409       -9.98
 90220133      -10.67
 90222857      -10.55
 90225582      -11.24
 90228306      -10.52
 90231030      -10.55
 90233754      -11.66
 90236478      -10.92
 90239202       -9.74
 90241926       -9.99
 90244650      -10.57
 90247374      -10.21
 90250098        -9.5
 90252822       -10.6
 90255547       -8.35
 90258271       -8.87
 90260995        -9.2
 90263719       -9.34
 90266443       -9.44
 90269167       -9.06
 90271891        -8.6
 90274615       -5.96
 90277339       -6.21
 90280063       -2.57
 90282787       -1.24
 90285512       -2.27
 90288236       -1.99
 90290960       -2.07
 90293684        0.61
 90296408        2.41
 90299132        6.09
 90301856        3.36
 90304580        0.46
 90307304       -0.28
 90310028       -0.84
 90312752       -3.51
 90315477        -5.5
 90318201       -4.76
 90320925       -5.57
 90323649       -6.09
 90326373       -6.33
 90329097       -5.79
 90331821       -7.67
 90334545       -9.16
 90337269       -9.94
 90339993      -10.51
 90342717      -10.97
 90345441      -11.03
 90348166      -11.85
 90350890      -14.28
 90353614      -13.92
 90356338      -14.16
 90359062      -15.11
 90361786      -14.35
 90364510      -14.25
 90367234      -15.01
 90369958      -14.61
 90372682      -14.48
 90375406      -14.21
 90378131      -15.49
 90380855      -15.44
 90383579      -15.01
 90386303      -15.81
 90389027      -14.86
 90391751      -14.42
 90394475      -15.63
 90397199      -15.03
 90399923      -13.72
 90402647      -15.35
 90405371      -14.56
 90408096       -15.7
 90410820      -14.11
 90413544      -14.29
 90416268      -14.21
 90418992      -15.36
 90421716      -15.36
 90424440      -14.88
 90427164      -16.87
 90429888      -14.46
 90432612      -14.05
 90435336      -14.96
 90438061      -15.08
 90440785      -15.53
 90443509      -15.13
 90446233      -15.02
 90448957      -14.24
 90451681         -15
 90454405      -15.99
 90457129      -14.13
 90459853      -14.96
 90462577      -15.62
 90465301      -15.91
 90468026      -15.18
 90470750      -14.36
 90473474      -15.06
 90476198      -14.38
 90478922      -16.35
 90481646      -15.47
 90484370      -16.47
 90487094      -14.94
 90489818      -15.15
 90492542      -14.85
 90495266      -16.75
 90497991      -15.68
 90500715      -15.72
 90503439      -16.29
 90506163      -16.35
 90508887      -15.88
 90511611      -17.02
 90514335      -16.45
 90517059      -16.38
 90519783      -17.12
 90522507      -17.33
 90525231      -17.84
 90527956      -17.12
 90530680      -18.31
 90533404      -17.37
 90536128      -18.02
 90538852      -18.08
 90541576      -16.98
 90544300      -17.39
 90547024       -18.7
 90549748      -18.07
 90552472      -18.88
 90555196      -17.93
 90557921      -18.56
 90560645      -18.45
 90563369      -17.66
 90566093      -18.07
 90568817      -18.29
 90571541      -18.21
 90574265      -18.42
 90576989      -18.45
 90579713      -18.99
 90582437      -17.63
 90585161      -18.39
 90587886      -18.12
 90590610      -18.55
 90593334      -18.63
 90596058       -18.3
 90598782      -18.84
 90601506      -18.46
 90604230      -16.69
 90606954      -18.58
 90609678      -18.59
 90612402      -18.68
 90615126      -18.73
 90617850      -18.89
 90620575      -18.52
 90623299      -18.72
 90626023      -18.37
 90628747      -19.14
 90631471      -18.85
 90634195         -19
 90636919      -19.65
 90639643       -19.9
 90642367      -20.24
 90645091       -20.7
 90647815      -20.07
 90650540      -19.76
 90653264      -20.17
 90655988      -20.72
 90658712       -20.8
 90661436      -20.64
 90664160      -20.84
 90666884      -20.61
 90669608       -20.6
 90672332       -20.7
 90675056      -20.59
 90677780      -20.88
 90680505      -20.68
 90683229      -21.38
 90685953      -19.83
 90688677      -20.16
 90691401      -21.43
 90694125      -20.58
 90696849      -20.55
 90699573      -21.08
 90702297      -22.53
 90705021       -20.6
 90707745       -21.1
 90710470      -20.78
 90713194      -21.43
 90715918      -21.62
 90718642      -22.32
 90721366      -21.12
 90724090      -21.19
 90726814      -21.74
 90729538      -21.79
 90732262      -21.72
 90734986      -21.95
 90737710      -22.03
 90740435      -21.24
 90743159      -21.73
 90745883      -21.94
 90748607      -22.94
 90751331      -21.45
 90754055      -21.62
 90756779      -21.81
 90759503      -22.08
 90762227      -21.57
 90764951      -21.67
 90767675      -22.11
 90770400      -21.18
 90773124      -20.86
 90775848      -21.88
 90778572      -21.87
 90781296      -21.55
 90784020      -21.22
 90786744      -21.66
 90789468      -21.66
