   id    | bin_ndx |  freq_hz  | peaker_flag | rolling_mean  | row_head_id | signal_dbm 
---------+---------+-----------+-------------+---------------+-------------+------------
     170 |     175 |  88460371 | f           |    -13.086471 |           1 |      -8.75
     171 |     176 |  88463095 | f           |    -12.767647 |           1 |      -9.35
     172 |     177 |  88465819 | f           |    -12.394117 |           1 |      -8.45
     173 |     178 |  88468543 | f           |    -11.912353 |           1 |      -6.23
     174 |     179 |  88471268 | f           |    -11.308824 |           1 |      -4.29
     175 |     180 |  88473992 | f           |    -10.677647 |           1 |      -3.31
     176 |     181 |  88476716 | f           |     -9.918235 |           1 |      -1.29
     177 |     182 |  88479440 | f           |    -8.8611765 |           1 |       3.48
     178 |     183 |  88482164 | f           |     -7.912941 |           1 |       2.42
     179 |     184 |  88484888 | f           |     -6.975294 |           1 |       2.83
     180 |     185 |  88487612 | f           |    -6.0005884 |           1 |       2.99
     181 |     186 |  88490336 | f           |    -4.9958825 |           1 |       3.74
     182 |     187 |  88493060 | t           |     -3.995294 |           1 |       4.14
     183 |     188 |  88495784 | t           |    -2.7958825 |           1 |       7.54
     184 |     189 |  88498508 | t           |    -1.4635295 |           1 |      10.01
     185 |     190 |  88501233 | t           |   -0.34294116 |           1 |       7.02
     186 |     191 |  88503957 | t           |    0.46529412 |           1 |       5.41
     187 |     192 |  88506681 | t           |     1.2835294 |           1 |       5.16
     188 |     193 |  88509405 | t           |     2.1358824 |           1 |       5.14
     189 |     194 |  88512129 | t           |     2.8894117 |           1 |       4.36
     190 |     195 |  88514853 | t           |      3.514706 |           1 |        4.4
     191 |     196 |  88517577 | t           |     4.0270586 |           1 |       4.42
     192 |     197 |  88520301 | f           |     4.4588237 |           1 |       4.03
     193 |     198 |  88523025 | f           |      4.705294 |           1 |        2.9
     194 |     199 |  88525749 | f           |      4.630588 |           1 |       2.21
     195 |     200 |  88528473 | f           |     4.5252943 |           1 |       0.63
     196 |     201 |  88531198 | f           |      4.368235 |           1 |       0.16
     197 |     202 |  88533922 | f           |      4.179412 |           1 |      -0.22
     198 |     203 |  88536646 | f           |     3.8047059 |           1 |      -2.63
     199 |     204 |  88539370 | t           |     3.2464707 |           1 |      -5.35
     200 |     205 |  88542094 | t           |     2.4405882 |           1 |      -6.16
     201 |     206 |  88544818 | t           |      1.372353 |           1 |      -8.15

